:Product: Daily Geomagnetic Data          DGD.txt
:Issued: 1830 UT 08 Oct 2023
#
#  Prepared by the U.S. Dept. of Commerce, NOAA, Space Weather Prediction Center
#  Please send comment and suggestions to SWPC.Webmaster@noaa.gov
#
#               Last 30 Days Daily Geomagnetic Data
#
#
#                Middle Latitude        High Latitude            Estimated
#              - Fredericksburg -     ---- College ----      --- Planetary ---
#  Date        A     K-indices        A     K-indices        A     K-indices
2023 09 09    12  3 3 2 2 3 4 1 1    10  1 2 2 4 4 2 0 0     8   3.00  1.67  1.00  2.00  2.67  2.67  0.33  0.67
2023 09 10     6  2 2 1 2 1 2 1 2     1  1 0 0 0 0 1 1 0     4   2.00  0.67  0.67  0.67  0.67  1.33  1.00  1.33
2023 09 11     8  2 1 2 2 3 2 2 2     5  2 1 1 2 2 1 1 1     7   2.33  1.67  1.67  1.67  2.00  1.67  1.67  2.00
2023 09 12    17  2 1 1 3 5 4 2 4    38  1 1 0 3 6 7 5 3    25   1.67  1.00  1.33  3.00  5.33  5.67  3.33  4.00
2023 09 13    17  4 4 3 3 3 3 2 3    28  3 3 3 6 5 5 1 1    17   4.67  3.67  2.67  2.67  3.00  3.00  2.00  3.00
2023 09 14    13  4 2 3 2 2 2 3 3    16  3 2 3 3 1 2 5 3    18   4.33  2.67  3.00  2.00  1.67  2.33  4.00  4.33
2023 09 15     7  2 2 1 1 2 2 1 3     7  2 2 0 0 2 3 1 3     7   2.67  2.00  1.00  0.33  1.67  2.00  1.33  2.67
2023 09 16     5  1 1 1 1 2 1 2 2     3  1 0 1 0 0 2 2 2     7   2.00  0.67  1.00  1.00  0.67  1.33  3.00  2.67
2023 09 17    14  3 3 3 3 3 2 3 3    17  3 3 4 4 4 2 2 2    16   3.33  3.67  3.00  3.33  2.67  2.67  3.33  3.00
2023 09 18    21  4 3 2 2 4 4 4 4    49  3 4 5 4 4 7 6 4    30   4.67  4.00  2.67  2.00  4.33  4.67  5.00  4.33
2023 09 19    38  5 6 4 5 5 4 3 2    61  4 6 5 6 6 7 3 3    49   5.67  6.67  4.33  4.33  5.33  5.33  3.67  3.00
2023 09 20    15  3 3 4 3 3 2 2 3    28  2 3 5 6 4 3 3 3    16   3.67  3.33  3.67  3.00  2.33  2.00  3.00  3.67
2023 09 21    10  3 2 2 2 3 2 2 3    17  2 2 2 2 5 5 1 2    10   2.67  2.67  2.33  1.67  2.33  2.67  2.00  2.33
2023 09 22     7  1 1 3 2 2 2 2 2    23  2 2 4 6 4 4 1 2     8   2.00  1.33  2.67  2.33  2.00  2.67  2.00  2.00
2023 09 23     9  3 2 2 3 2 2 2 2    24  2 3 3 6 5 3 2 1    10   3.00  2.67  2.00  2.67  2.33  1.33  2.00  2.33
2023 09 24    17  2 2 2 2 2 1 5 5    16  1 2 3 4 3 1 4 4    21   2.00  2.00  2.00  2.00  1.00  0.33  5.67  5.67
2023 09 25    15  4 4 3 3 3 2 2 2    24  4 5 3 5 4 3 2 2    23   5.33  5.00  3.33  3.33  3.67  2.33  2.33  2.00
2023 09 26    26  3 4 5 4 5 3 3 3    68  1 3 7 7 7 6 3 2    32   3.33  4.33  4.67  5.33  5.33  3.67  3.33  3.33
2023 09 27    12  3 3 3 3 3 2 2 1    17  4 2 4 4 4 3 2 0    15   4.00  3.00  3.33  3.33  3.00  3.00  2.33  1.00
2023 09 28     5  1 2 0 2 2 2 1 2     2  1 1 0 2 0 0 0 1     6   1.67  3.00  0.67  1.67  0.67  0.67  0.67  2.33
2023 09 29    13  2 2 3 4 4 3 1 1    27  1 3 6 6 4 1 1 1    12   2.33  2.33  3.67  4.00  3.33  1.33  1.00  1.33
2023 09 30    11  1 2 4 2 3 2 2 3    18  2 1 4 4 4 4 3 2    10   1.67  2.33  3.00  2.33  2.33  2.00  2.33  3.00
2023 10 01     9  4 2 2 2 2 2 1 2    10  3 2 2 3 4 1 1 1     9   4.00  2.00  2.00  2.00  2.00  1.00  1.33  1.67
2023 10 02    10  2 3 1 3 3 2 2 2     9  2 2 2 4 2 1 1 2     9   3.00  3.33  1.00  2.33  1.67  1.67  1.67  2.33
2023 10 03     6  1 2 2 1 3 2 1 1    19  2 0 2 4 5 5 3 0     8   1.33  2.67  1.67  1.33  2.33  2.33  2.33  1.67
2023 10 04     8  2 2 2 2 2 1 2 3    19  1 1 5 5 4 2 2 2    10   2.67  2.33  2.67  2.67  2.00  1.67  2.00  3.33
2023 10 05    11  3 4 2 3 2 1 2 2    22  3 4 3 6 4 1 1 2    16   4.33  5.00  2.33  3.00  2.00  1.00  1.33  2.33
2023 10 06     7  2 2 2 2 1 2 1 3    10  2 3 4 1 2 3 0 2     9   2.33  2.67  2.33  1.67  1.33  1.67  1.00  3.33
2023 10 07    -1  1 2-1-1-1-1-1-1     2  1 1 1 0 0 0 1 0     5   1.33  2.00  1.33  0.67  0.33  0.33  1.67  1.67
2023 10 08    -1 -1-1-1-1-1-1-1-1    -1  1 2 3 3 1 1-1-1     6   2.00  2.00  2.33  1.67  0.67  1.00 -1.00 -1.00
